14.060
13.972
13.462
0,8253
0,8115
0,8378
0,7961
0,6684
0,6689
0,6669
0,2951
0,5240
0,6152
0,6362
83,44
2,44
2,28
26,69
22,62
8,43
1,12
9.735
4.546
32,54%
4,47
8,83
2.661,04
1,60
0,0118
0,0204
8.894
0,5481
99,37%
0,6816
2.849
2.321
3.474
0,2047
0,0817
18,53%
0,6925
0,0178
0,6052
0,1034
67,32%
0,9502
61,62%
0,9531
68,90%
0,9464
31,94%
47,04%
0,8362
0,0055
60,44%
16,35%
0,9972
0,2162
6.271
2.403
1.066
2.003
1.097
0,61%
1.798
1.640
10,774
2.103
6,44
32,2
0,6722
81,83%
0,8207
0,5018
0,9443
0,9742
0,9547
0,5330
0,9497
0,8180
4.487
0,0586
13.970
2.840
0,1842
0,8820
0,1817
0,8702
0,1771
0,8482
0,1803
0,8634
2,92
4,25%
95,75%
